Diamond Carats
1.51
0.22
0.26
1.13
3.61
0.97
1.45
0.48
2.95
1.15
0.73
3.48
1.08
3.12
4.00
4.47
1.90
0.58
3.82
1.80
0.44
1.77
0.62
1.38
1.47
1.92
3.45
0.56
0.40
3.29
1.10
1.47
4.04
4.24
3.17
1.22
0.58
0.16
3.28
1.45
0.54
2.32
1.28
0.58
1.84
3.96
0.84
3.22
0.74
1.07
3.22
0.29
3.16
0.16
2.88
0.86
1.03
2.42
2.99
0.76
2.88
0.53
2.20
2.93
2.97
0.18
0.55
0.73
2.05
2.58
1.29
0.83
2.51
2.85
0.96
2.14
5.06
0.76
0.92
0.66
2.44
0.41
2.78
0.72
1.66
0.48
1.15
2.34
1.68
0.50
2.67
0.85
2.60
2.30
0.79
1.07
2.94
0.91
0.52
0.87
1.30
2.75
0.50
2.97
1.08
3.03